1000 9 2.79 2.85
1234 23 95.04 100.83
3341 10 0.00 0.00
3221 21 -1.08 -1.08
7462 4 404.14 409.56
3425 11 4784.00 5007.89
3701 4 99.50 100.58
2701 4 -99.54 -99.54
3532 7 999.50 1028.17
4512 15 50.00 51.91
3667 15 500.00 525.59
3696 9 99.99 102.94
3917 9 100.00 103.04
2833 9 999.99 1037.26
3332 9 1000.00 1038.13
2462 0 -212.32 -212.32
5442 15 9999.99 10643.55
8817 11 990.50 1034.28
9183 200 20.00 32.95
1112 21 74.74 78.76
9287 1 74.74 74.93
2591 22 0.00 0.00
2837 3 1.50 1.51
3832 3 -0.78 -0.78
1003 15 7.47 7.76
8713 200 99.75 193.75
3452 5 1200.34 1225.56
9876 10 495.95 512.73
3276 10 -294.17 -294.17
2228 15 80.40 83.47
0000 7 77.77 79.14
7183 75 1.00 1.21
