32
1000 2.79 9
1234 95.04 23
3341 0.00 10
3221 -1.08 21
7462 404.14 4
3425 4784.00 11
3701 99.50 4
2701 -99.54 4
3532 999.50 7
4512 50.00 15
3667 500.00 15
3696 99.99 9
3917 100.00 9
2833 999.99 9
3332 1000.00 9
2462 -212.32 0
5442 9999.99 15
8817 990.50 11
9183 20.00 200
1112 74.74 21
9287 74.74 1
2591 0.00 22
2837 1.50 3
3832 -0.78 3
1003 7.47 15
8713 99.75 200
3452 1200.34 5
9876 495.95 10
3276 -294.17 10
2228 80.40 15
0000 77.77 7
7183 1.00 75
38.289.99939
JUNKJUNKDKDKDKD
SHOULD NEVER GET HERE
3333
0,0,